// User Space
@0
08
00
00
00
@4
00
00
00
00
@8
08
00
00
40
@c
00
00
00
00
@10
08
00
00
48
@14
00
00
00
00
@18
08
00
00
50
@1c
00
00
00
00
@20
08
00
00
58
@24
00
00
00
00
@28
08
00
00
60
@2c
00
00
00
00
@30
08
00
00
68
@34
00
00
00
00
@38
08
00
00
70
@3c
00
00
00
00
@40
08
00
00
78
@44
00
00
00
00
@48
08
00
00
80
@4c
00
00
00
00
@50
08
00
00
88
@54
00
00
00
00
@58
08
00
00
90
@5c
00
00
00
00
@60
08
00
00
98
@64
00
00
00
00
@68
08
00
00
a0
@6c
00
00
00
00
@70
08
00
00
a8
@74
00
00
00
00
@78
08
00
00
b0
@7c
00
00
00
00
@80
08
00
00
b8
@84
00
00
00
00
@88
08
00
00
c0
@8c
00
00
00
00
@90
08
00
00
c8
@94
00
00
00
00
@98
08
00
00
d0
@9c
00
00
00
00
@a0
08
00
00
d8
@a4
00
00
00
00
@a8
08
00
00
e0
@ac
00
00
00
00
@b0
08
00
00
e8
@b4
00
00
00
00
@b8
08
00
00
f0
@bc
00
00
00
00
@c0
08
00
00
f8
@c4
00
00
00
00
@c8
08
00
01
00
@cc
00
00
00
00
@d0
08
00
01
08
@d4
00
00
00
00
@d8
08
00
01
10
@dc
00
00
00
00
@e0
08
00
01
18
@e4
00
00
00
00
@e8
08
00
01
20
@ec
00
00
00
00
@f0
08
00
01
28
@f4
00
00
00
00
@f8
08
00
01
30
@fc
00
00
00
00
@100
01
08
40
26
@104
35
08
00
01
@108
01
29
48
26
@10c
35
29
80
00
@110
ad
28
00
04
@114
01
08
40
26
@118
01
29
48
26
@11c
42
00
00
10
@120
01
08
40
26
@124
35
08
00
02
@128
01
29
48
26
@12c
35
29
80
00
@130
ad
28
00
08
@134
01
08
40
26
@138
01
29
48
26
@13c
42
00
00
10
@140
01
08
40
26
@144
35
08
00
03
@148
01
29
48
26
@14c
35
29
80
00
@150
ad
28
00
0c
@154
01
08
40
26
@158
01
29
48
26
@15c
42
00
00
10
@160
01
08
40
26
@164
35
08
00
04
@168
01
29
48
26
@16c
35
29
80
00
@170
ad
28
00
10
@174
01
08
40
26
@178
01
29
48
26
@17c
42
00
00
10
@180
01
08
40
26
@184
35
08
00
05
@188
01
29
48
26
@18c
35
29
80
00
@190
ad
28
00
14
@194
01
08
40
26
@198
01
29
48
26
@19c
42
00
00
10
@1a0
01
08
40
26
@1a4
35
08
00
06
@1a8
01
29
48
26
@1ac
35
29
80
00
@1b0
ad
28
00
18
@1b4
01
08
40
26
@1b8
01
29
48
26
@1bc
42
00
00
10
@1c0
01
08
40
26
@1c4
35
08
00
07
@1c8
01
29
48
26
@1cc
35
29
80
00
@1d0
ad
28
00
1c
@1d4
01
08
40
26
@1d8
01
29
48
26
@1dc
42
00
00
10
@1e0
01
08
40
26
@1e4
35
08
00
08
@1e8
01
29
48
26
@1ec
35
29
80
00
@1f0
ad
28
00
20
@1f4
01
08
40
26
@1f8
01
29
48
26
@1fc
42
00
00
10
@200
01
08
40
26
@204
35
08
00
09
@208
01
29
48
26
@20c
35
29
80
00
@210
ad
28
00
24
@214
01
08
40
26
@218
01
29
48
26
@21c
42
00
00
10
@220
01
08
40
26
@224
35
08
00
0a
@228
01
29
48
26
@22c
35
29
80
00
@230
ad
28
00
28
@234
01
08
40
26
@238
01
29
48
26
@23c
42
00
00
10
@240
01
08
40
26
@244
35
08
00
0b
@248
01
29
48
26
@24c
35
29
80
00
@250
ad
28
00
2c
@254
01
08
40
26
@258
01
29
48
26
@25c
42
00
00
10
@260
01
08
40
26
@264
35
08
00
0c
@268
01
29
48
26
@26c
35
29
80
00
@270
ad
28
00
30
@274
01
08
40
26
@278
01
29
48
26
@27c
42
00
00
10
@280
01
08
40
26
@284
35
08
00
0d
@288
01
29
48
26
@28c
35
29
80
00
@290
ad
28
00
34
@294
01
08
40
26
@298
01
29
48
26
@29c
42
00
00
10
@2a0
01
08
40
26
@2a4
35
08
00
0e
@2a8
01
29
48
26
@2ac
35
29
80
00
@2b0
ad
28
00
38
@2b4
01
08
40
26
@2b8
01
29
48
26
@2bc
42
00
00
10
@2c0
01
08
40
26
@2c4
35
08
00
0f
@2c8
01
29
48
26
@2cc
35
29
80
00
@2d0
ad
28
00
3c
@2d4
01
08
40
26
@2d8
01
29
48
26
@2dc
42
00
00
10
@2e0
01
08
40
26
@2e4
35
08
00
10
@2e8
01
29
48
26
@2ec
35
29
80
00
@2f0
ad
28
00
40
@2f4
01
08
40
26
@2f8
01
29
48
26
@2fc
42
00
00
10
@300
01
08
40
26
@304
35
08
00
11
@308
01
29
48
26
@30c
35
29
80
00
@310
ad
28
00
44
@314
01
08
40
26
@318
01
29
48
26
@31c
42
00
00
10
@320
01
08
40
26
@324
35
08
00
12
@328
01
29
48
26
@32c
35
29
80
00
@330
ad
28
00
48
@334
01
08
40
26
@338
01
29
48
26
@33c
42
00
00
10
@340
01
08
40
26
@344
35
08
00
13
@348
01
29
48
26
@34c
35
29
80
00
@350
ad
28
00
4c
@354
01
08
40
26
@358
01
29
48
26
@35c
42
00
00
10
@360
01
08
40
26
@364
35
08
00
14
@368
01
29
48
26
@36c
35
29
80
00
@370
ad
28
00
50
@374
01
08
40
26
@378
01
29
48
26
@37c
42
00
00
10
@380
01
08
40
26
@384
35
08
00
15
@388
01
29
48
26
@38c
35
29
80
00
@390
ad
28
00
54
@394
01
08
40
26
@398
01
29
48
26
@39c
42
00
00
10
@3a0
01
08
40
26
@3a4
35
08
00
16
@3a8
01
29
48
26
@3ac
35
29
80
00
@3b0
ad
28
00
58
@3b4
01
08
40
26
@3b8
01
29
48
26
@3bc
42
00
00
10
@3c0
01
08
40
26
@3c4
35
08
00
17
@3c8
01
29
48
26
@3cc
35
29
80
00
@3d0
ad
28
00
5c
@3d4
01
08
40
26
@3d8
01
29
48
26
@3dc
42
00
00
10
@3e0
01
08
40
26
@3e4
35
08
00
18
@3e8
01
29
48
26
@3ec
35
29
80
00
@3f0
ad
28
00
60
@3f4
01
08
40
26
@3f8
01
29
48
26
@3fc
42
00
00
10
@400
01
08
40
26
@404
35
08
00
19
@408
01
29
48
26
@40c
35
29
80
00
@410
ad
28
00
64
@414
01
08
40
26
@418
01
29
48
26
@41c
42
00
00
10
@420
01
08
40
26
@424
35
08
00
1a
@428
01
29
48
26
@42c
35
29
80
00
@430
ad
28
00
68
@434
01
08
40
26
@438
01
29
48
26
@43c
42
00
00
10
@440
01
08
40
26
@444
35
08
00
1b
@448
01
29
48
26
@44c
35
29
80
00
@450
ad
28
00
6c
@454
01
08
40
26
@458
01
29
48
26
@45c
42
00
00
10
@460
01
08
40
26
@464
35
08
00
1c
@468
01
29
48
26
@46c
35
29
80
00
@470
ad
28
00
70
@474
01
08
40
26
@478
01
29
48
26
@47c
42
00
00
10
@480
01
08
40
26
@484
35
08
00
1d
@488
01
29
48
26
@48c
35
29
80
00
@490
ad
28
00
74
@494
01
08
40
26
@498
01
29
48
26
@49c
42
00
00
10
@4a0
01
08
40
26
@4a4
35
08
00
1e
@4a8
01
29
48
26
@4ac
35
29
80
00
@4b0
ad
28
00
78
@4b4
01
08
40
26
@4b8
01
29
48
26
@4bc
42
00
00
10
@4c0
01
08
40
26
@4c4
35
08
00
1f
@4c8
01
29
48
26
@4cc
35
29
80
00
@4d0
ad
28
00
7c
@4d4
01
08
40
26
@4d8
01
29
48
26
@4dc
42
00
00
10
@10000
10
00
ff
ff
